-0.424845
0.5766103
-0.1820462
0.7660348
0.8809346
-0.908887
0.05621098
0.7848381
0.10287
-0.08677053
0.9136667
-0.09333169
0.3551413
0.1452668
-0.7941506
0.7996499
-0.5078245
-0.9158809
-0.3441586
0.9090073
0.7790786
0.3856068
0.2810136
0.9885396
0.3114116
0.4170609
0.08813205
0.188284
-0.4216805
-0.7057727
0.9260485
0.8045981
0.3814106
0.5909348
-0.9507726
-0.04440806
0.5169191
-0.5671841
-0.363638
-0.5367484
-0.7144
-0.1709073
-0.1725513
-0.2623091
-0.6951105
-0.7223879
-0.5339318
-0.0680751
-0.4680547
0.7156554
