0.1804932
0.3324794
0.0331408
0.5868093
0.7760457
0.8260756
0.003159674
0.6159708
0.01058224
0.007529125
0.8347868
0.008710804
0.1261253
0.02110244
0.6306752
0.63944
0.2578858
0.8388379
0.1184451
0.8262943
0.6069635
0.1486926
0.07896866
0.9772104
0.09697718
0.1739398
0.007767258
0.03545088
0.1778145
0.4981151
0.8575658
0.6473781
0.145474
0.349204
0.9039686
0.001972076
0.2672053
0.3216978
0.1322326
0.2880989
0.5103673
0.02920931
0.02977397
0.06880606
0.4831786
0.5218442
0.2850832
0.004634219
0.2190752
0.5121627
